00000000010000000000100010010011
00001111110000010000010100010111
11111111110001010000010100010011
00000000000000000000000001110011
00000000010000000000100010010011
00001111110000010000010100010111
00000010110001010000010100010011
00000000000000000000000001110011
00000000010100000000100010010011
00000000000000000000000001110011
00000000101000000000010000110011
00000000010000000000100010010011
00001111110000010000010100010111
11111111000101010000010100010011
00000000000000000000000001110011
00000000010000000000100010010011
00001111110000010000010100010111
00000000000001010000010100010011
00000000000000000000000001110011
00000000010100000000100010010011
00000000000000000000000001110011
00000000101000000000010010110011
00000000000000000000010100010011
00000000100000000000100100110011
00000000000000000000010100010011
00000001001000000000001100110011
00000000010000000000100010010011
00001111110000010000010100010111
11111101011001010000010100010011
00000000000000000000000001110011
00000000000000000000010100010011
00000000000100110111001110010011
00000000000100000000111000010011
00000001110000111000010001100011
00000000000000111000011001100011
00000000000010010000100100010011
00000000000000000000010001100011
00000000000110010000100100010011
00000000100110010101100001100011
00000001001001010000010100110011
00000000001010010000100100010011
11111111010111111111000001101111
00000000100100000000111010110011
00000000000111101111111100010011
00000000000100000000111110010011
00000001111111110000010001100011
00000000000011110000010001100011
00000000100101010000010100110011
00000000000100000000100010010011
00000000000000000000000001110011
00000000101000000000100010010011
00000000000000000000000001110011
